              precision    recall  f1-score   support

          d0     0.4286    1.0000    0.6000         3
          d1     0.0000    0.0000    0.0000         3
          d2     0.3750    1.0000    0.5455         3
          d3     1.0000    0.3333    0.5000         3
          d4     1.0000    0.3333    0.5000         3
          d5     0.5000    0.6667    0.5714         3
          d6     0.6667    0.6667    0.6667         3
          d7     1.0000    0.3333    0.5000         3
          d8     1.0000    0.3333    0.5000         3
          d9     0.4000    0.6667    0.5000         3
         d10     1.0000    0.6667    0.8000         3

    accuracy                         0.5455        33
   macro avg     0.6700    0.5455    0.5167        33
weighted avg     0.6700    0.5455    0.5167        33
