              precision    recall  f1-score   support

          d0     1.0000    0.3333    0.5000         3
          d1     0.2500    0.3333    0.2857         3
          d2     0.0000    0.0000    0.0000         3
          d3     1.0000    0.3333    0.5000         3
          d4     0.3333    0.3333    0.3333         3
          d5     0.5000    0.6667    0.5714         3
          d6     0.2857    0.6667    0.4000         3
          d7     0.0000    0.0000    0.0000         3
          d8     0.0000    0.0000    0.0000         3
          d9     0.5000    0.3333    0.4000         3
         d10     0.3333    0.6667    0.4444         3

    accuracy                         0.3333        33
   macro avg     0.3820    0.3333    0.3123        33
weighted avg     0.3820    0.3333    0.3123        33
