              precision    recall  f1-score   support

          d0     0.7692    1.0000    0.8696        20
          d1     0.5000    0.4500    0.4737        20
          d2     0.7692    0.5000    0.6061        20
          d3     1.0000    0.8500    0.9189        20
          d4     0.4000    0.3000    0.3429        20
          d5     0.7895    0.7500    0.7692        20
          d6     1.0000    0.5500    0.7097        20
          d7     0.6154    0.4000    0.4848        20
          d8     0.5862    0.8500    0.6939        20
          d9     0.6667    0.5000    0.5714        20
         d10     0.4545    1.0000    0.6250        20

    accuracy                         0.6500       220
   macro avg     0.6864    0.6500    0.6423       220
weighted avg     0.6864    0.6500    0.6423       220
