              precision    recall  f1-score   support

          d0     0.0000    0.0000    0.0000         3
          d1     0.0000    0.0000    0.0000         3
          d2     0.2143    1.0000    0.3529         3
          d3     0.0000    0.0000    0.0000         3
          d4     1.0000    0.3333    0.5000         3
          d5     1.0000    0.3333    0.5000         3
          d6     0.2857    0.6667    0.4000         3
          d7     0.5000    0.3333    0.4000         3
          d8     1.0000    0.3333    0.5000         3
          d9     0.0000    0.0000    0.0000         3
         d10     0.0000    0.0000    0.0000         3

    accuracy                         0.2727        33
   macro avg     0.3636    0.2727    0.2412        33
weighted avg     0.3636    0.2727    0.2412        33
