              precision    recall  f1-score   support

          d0     0.4000    0.6667    0.5000         3
          d1     0.0000    0.0000    0.0000         3
          d2     0.5000    1.0000    0.6667         3
          d3     1.0000    0.6667    0.8000         3
          d4     1.0000    0.3333    0.5000         3
          d5     1.0000    0.3333    0.5000         3
          d6     0.2500    0.3333    0.2857         3
          d7     1.0000    0.3333    0.5000         3
          d8     1.0000    0.6667    0.8000         3
          d9     0.1429    0.3333    0.2000         3
         d10     0.6667    0.6667    0.6667         3

    accuracy                         0.4848        33
   macro avg     0.6327    0.4848    0.4926        33
weighted avg     0.6327    0.4848    0.4926        33
